config:
{'cap_n': 1961, 'smooth_b1': 5, 'smooth_b2': 5, 'max_iter': 1000000.0, 'n_pair': None, 'base': 10, 'pwr': None, 'pwr_range': (0.5, 6), 'search_type': <SearchType.NONE: 'NONE'>, 'qaoa_config': None}
XOR linear system is:
[[0, 0, 0, 0, 0, 0, 0, 0, 0, 0, 0, 0], [3, 0, 0, 0, 0, 4, 1, 0, 0, 0, 0, 6], [0, 0, 0, 4, 0, 0, 0, 0, 0, 4, 0, 0], [1, 0, 2, 0, 0, 0, 0, 0, 3, 2, 6, 2], [2, 6, 1, 0, 0, 0, 4, 4, 2, 0, 0, 0], [0, 0, 1, 2, 3, 2, 1, 0, 0, 0, 0, 1], [1, 1, 1, 1, 1, 1, 1, 0, 0, 0, 1, 1], [0, 0, 2, 2, 1, 0, 0, 3, 1, 6, 0, 0], [0, 0, 2, 0, 2, 0, 0, 0, 0, 0, 2, 0], [0, 0, 0, 0, 1, 2, 3, 1, 0, 0, 0, 0], [0, 0, 0, 0, 1, 0, 0, 0, 0, 0, 1, 2], [0, 1, 0, 0, 0, 0, 0, 1, 2, 0, 0, 0]]
the roots are:
[[0, 0, 0, 1, 0, 1, 0, 0, 0, 0, 0, 0], [0, 0, 0, 1, 0, 1, 0, 0, 0, 1, 0, 0], [1, 0, 0, 1, 1, 1, 1, 0, 1, 1, 1, 0], [0, 1, 0, 1, 1, 1, 0, 1, 0, 1, 1, 1]]
succeed=True  p=53  q=37
Total spend 0.187 minutes.
primes:                 [-1, 2, 3, 5, 7, 11]
succeed root for p:     [0, 0, 0, 1, 0, 1]
succeed exponent for p: [0, 4, 4, 0, 0, 4]
succeed root for q:     [0, 0, 0, 0, 0, 0]
succeed exponent for q: [2, 2, 0, 2, 0, 0]
